a <- c(1,2,3,4,5)
a
a^2
